1001010101
0110101010
1010000111
0011011001
0101000001
0100001010
1011001010
1111000111
1111000110
0110101011
1010001101
1001010011
1111000001
1001101111
0101110010
1111010011
1010101001
0001111010
0100010111
1011111101
0111000000
0011110101
1100100100
1001101100
1110001110
1011000000
1110010110
0000111111
1000110011
1110000101
1111000111
1110011001
1010101000
0100100001
1101111010
0111100111
0110011101
0100101000
1111101100
1101110000
1100110011
0110101111
1010110111
1101110001
0000001011
0100011000
0111111111
1111100110
1110101101
0010110110
0110011000
1011010101
1010001101
1001110111
1100010110
0010100110
0010000010
1000101101
0010111000
1001100111
0111010001
0110011111
1100110011
0011101010
1000101110
0100101110
1111101110
0101111101
1100101000
0110011001
0001101111
0110100010
0010100110
0011111010
1100101011
0000100110
0010101010
0111010010
0110100110
1100011000
1100001111
1001101000
1010001010
0010101111
1101100110
0001110100
0100000011
0010000100
1011111011
0001101110
0110001000
0110001101
1010111111
1110000011
1000001101
0011000000
0000010101
0110010100
0011100110
1101110001
0001011101
0011110110
100